person 0.00 0 0.00 2.00 178.00 379.00 396.00 0.00 0.00 0.00 0.00 0.00 0.00 0.00
person 0.00 0 0.00 342.00 165.00 610.00 345.00 0.00 0.00 0.00 0.00 0.00 0.00 0.00
person 0.00 0 0.00 592.00 152.00 715.00 266.00 0.00 0.00 0.00 0.00 0.00 0.00 0.00
person 0.00 0 0.00 734.00 160.00 783.00 208.00 0.00 0.00 0.00 0.00 0.00 0.00 0.00
person 0.00 0 0.00 768.00 151.00 799.00 206.00 0.00 0.00 0.00 0.00 0.00 0.00 0.00
person 0.00 0 0.00 800.00 161.00 827.00 183.00 0.00 0.00 0.00 0.00 0.00 0.00 0.00
person 0.00 0 0.00 856.00 159.00 883.00 176.00 0.00 0.00 0.00 0.00 0.00 0.00 0.00
person 0.00 0 0.00 857.00 172.00 886.00 196.00 0.00 0.00 0.00 0.00 0.00 0.00 0.00
person 0.00 0 0.00 879.00 174.00 953.00 238.00 0.00 0.00 0.00 0.00 0.00 0.00 0.00
person 0.00 0 0.00 939.00 200.00 1250.00 392.00 0.00 0.00 0.00 0.00 0.00 0.00 0.00
